SampleName	label	alphatic	aromatic	postivecharge	negativecharge	uncharge
1	3	0.6290322580645161	0.12903225806451613	0.03225806451612903	0.03225806451612903	0.1774193548387097
2	3	0.4198895027624309	0.08011049723756906	0.12154696132596685	0.1574585635359116	0.22099447513812154
3	1	0.40370370370370373	0.0962962962962963	0.15555555555555556	0.1037037037037037	0.24074074074074073
4	1	0.34782608695652173	0.043478260869565216	0.3695652173913043	0.0	0.2391304347826087
5	3	0.3145454545454546	0.05818181818181818	0.16545454545454547	0.14454545454545453	0.31727272727272726
6	3	0.4061032863849765	0.0892018779342723	0.1643192488262911	0.15258215962441316	0.18779342723004694
7	3	0.4177777777777778	0.10666666666666667	0.14666666666666667	0.14222222222222222	0.18666666666666668
8	3	0.49101796407185627	0.0748502994011976	0.15568862275449102	0.16467065868263472	0.11377245508982035
9	3	0.3419354838709677	0.0967741935483871	0.14838709677419354	0.12258064516129032	0.2903225806451613
10	3	0.40384615384615385	0.08653846153846154	0.16346153846153846	0.11538461538461539	0.23076923076923078
11	3	0.40166666666666667	0.085	0.15833333333333333	0.14333333333333334	0.21166666666666667
12	3	0.36923076923076925	0.07179487179487179	0.14358974358974358	0.11794871794871795	0.29743589743589743
13	3	0.4144144144144144	0.05405405405405406	0.16216216216216217	0.13513513513513514	0.23423423423423423
14	3	0.3588850174216028	0.11759581881533102	0.11236933797909408	0.12282229965156795	0.2883275261324042
15	0	0.31601731601731603	0.08982683982683982	0.13852813852813853	0.1266233766233766	0.329004329004329
16	3	0.46134020618556704	0.08505154639175258	0.14690721649484537	0.1211340206185567	0.18556701030927836
17	0	0.3871527777777778	0.05555555555555555	0.16493055555555555	0.1076388888888889	0.2847222222222222
18	1	0.49606299212598426	0.031496062992125984	0.2204724409448819	0.09448818897637795	0.15748031496062992
19	3	0.38571428571428573	0.10476190476190476	0.1761904761904762	0.1380952380952381	0.19523809523809524
20	3	0.44410876132930516	0.06646525679758308	0.13595166163141995	0.12084592145015106	0.2326283987915408
21	3	0.45901639344262296	0.07103825136612021	0.14207650273224043	0.11657559198542805	0.21129326047358835
22	3	0.3559577677224736	0.10105580693815988	0.14177978883861236	0.12518853695324283	0.27601809954751133
23	3	0.37388724035608306	0.0771513353115727	0.16023738872403562	0.142433234421365	0.24629080118694363
24	3	0.3148148148148148	0.1111111111111111	0.09259259259259259	0.24074074074074073	0.24074074074074073
25	3	0.3394495412844037	0.05688073394495413	0.13761467889908258	0.14128440366972478	0.3247706422018349
26	1	0.41570438799076215	0.06235565819861432	0.14318706697459585	0.10623556581986143	0.27251732101616627
27	3	0.32601880877742945	0.07523510971786834	0.15047021943573669	0.14733542319749215	0.30094043887147337
28	3	0.36489151873767256	0.09664694280078895	0.14398422090729784	0.15581854043392504	0.23865877712031558
29	3	0.39147286821705424	0.1124031007751938	0.16666666666666666	0.1937984496124031	0.13565891472868216
30	3	0.4765432098765432	0.05432098765432099	0.11851851851851852	0.11604938271604938	0.2345679012345679
31	3	0.36627906976744184	0.09883720930232558	0.11627906976744186	0.11627906976744186	0.3023255813953488
32	3	0.37142857142857144	0.12	0.10857142857142857	0.12	0.28
33	3	0.5300925925925926	0.046296296296296294	0.10416666666666667	0.09953703703703703	0.2199074074074074
34	3	0.3907815631262525	0.13226452905811623	0.09819639278557114	0.09218436873747494	0.2865731462925852
35	3	0.3570127504553734	0.03460837887067395	0.16939890710382513	0.052823315118397086	0.3861566484517304
36	3	0.4528301886792453	0.09905660377358491	0.1320754716981132	0.09905660377358491	0.2169811320754717
37	3	0.41515151515151516	0.09090909090909091	0.10303030303030303	0.1393939393939394	0.2515151515151515
38	3	0.37011173184357543	0.09427374301675978	0.09287709497206705	0.12290502793296089	0.3198324022346369
39	3	0.3557692307692308	0.10096153846153846	0.1875	0.14423076923076922	0.21153846153846154
40	3	0.46153846153846156	0.05917159763313609	0.10650887573964497	0.1222879684418146	0.2504930966469428
41	3	0.4701492537313433	0.08955223880597014	0.09701492537313433	0.11194029850746269	0.23134328358208955
42	3	0.4246575342465753	0.0547945205479452	0.1643835616438356	0.1506849315068493	0.2054794520547945
43	3	0.32945736434108525	0.08139534883720931	0.16279069767441862	0.09689922480620156	0.32945736434108525
44	3	0.4171270718232044	0.09392265193370165	0.11602209944751381	0.1132596685082873	0.2596685082872928
45	3	0.4777327935222672	0.04048582995951417	0.09716599190283401	0.19838056680161945	0.1862348178137652
46	3	0.3287037037037037	0.125	0.1574074074074074	0.1388888888888889	0.25
47	3	0.4363207547169811	0.05660377358490566	0.14150943396226415	0.13679245283018868	0.22877358490566038
48	1	0.42016806722689076	0.05042016806722689	0.226890756302521	0.11764705882352941	0.18487394957983194
49	3	0.36268343815513626	0.09014675052410902	0.14675052410901468	0.10482180293501048	0.29559748427672955
50	3	0.3056234718826406	0.10513447432762836	0.17114914425427874	0.14425427872860636	0.27383863080684595
51	3	0.47368421052631576	0.07518796992481203	0.15789473684210525	0.12781954887218044	0.16541353383458646
52	3	0.3411764705882353	0.08823529411764706	0.17647058823529413	0.14705882352941177	0.24705882352941178
53	3	0.4963144963144963	0.07371007371007371	0.12039312039312039	0.10319410319410319	0.20638820638820637
54	3	0.2750642673521851	0.06683804627249357	0.17737789203084833	0.09768637532133675	0.38303341902313626
55	3	0.4597315436241611	0.06375838926174497	0.12416107382550336	0.11073825503355705	0.24161073825503357
56	1	0.4068965517241379	0.07586206896551724	0.14482758620689656	0.1793103448275862	0.19310344827586207
57	3	0.40670859538784065	0.12159329140461216	0.12578616352201258	0.07127882599580712	0.2746331236897275
58	3	0.4246153846153846	0.07384615384615385	0.10153846153846154	0.09230769230769231	0.3076923076923077
59	0	0.36227544910179643	0.0658682634730539	0.1497005988023952	0.08982035928143713	0.3323353293413174
60	3	0.39465308720560155	0.06015276893698281	0.11680458306810948	0.10884786760025461	0.31954169318905157
61	1	0.41284403669724773	0.07339449541284404	0.16972477064220184	0.10550458715596331	0.23853211009174313
62	3	0.3890675241157556	0.07395498392282958	0.12218649517684887	0.09967845659163987	0.31511254019292606
63	3	0.31797235023041476	0.1336405529953917	0.15668202764976957	0.14746543778801843	0.24423963133640553
64	3	0.466403162055336	0.03557312252964427	0.15019762845849802	0.10276679841897234	0.2450592885375494
65	3	0.42771084337349397	0.08433734939759036	0.15060240963855423	0.12650602409638553	0.21084337349397592
66	3	0.4236453201970443	0.10837438423645321	0.1330049261083744	0.15270935960591134	0.18226600985221675
67	1	0.4547770700636943	0.07643312101910828	0.14012738853503184	0.14522292993630573	0.18343949044585986
68	3	0.3924731182795699	0.0913978494623656	0.13440860215053763	0.13440860215053763	0.24731182795698925
69	3	0.4262295081967213	0.12412177985948478	0.08196721311475409	0.11241217798594848	0.25526932084309134
70	3	0.40189873417721517	0.12974683544303797	0.11392405063291139	0.11392405063291139	0.24050632911392406
71	3	0.4577259475218659	0.052478134110787174	0.13411078717201166	0.13702623906705538	0.21865889212827988
72	3	0.36597938144329895	0.1056701030927835	0.12886597938144329	0.13917525773195877	0.2603092783505155
73	3	0.4374331550802139	0.05561497326203209	0.13475935828877006	0.1144385026737968	0.25775401069518716
74	3	0.480225988700565	0.05084745762711865	0.12994350282485875	0.13559322033898305	0.2033898305084746
75	3	0.4491525423728814	0.03389830508474576	0.13559322033898305	0.09322033898305085	0.288135593220339
76	3	0.3815789473684211	0.11842105263157894	0.05263157894736842	0.08771929824561403	0.35964912280701755
77	3	0.29866989117291415	0.07255139056831923	0.1293833131801693	0.16203143893591293	0.3373639661426844
78	3	0.34532374100719426	0.14388489208633093	0.1079136690647482	0.06474820143884892	0.3381294964028777
79	3	0.3184713375796178	0.09554140127388536	0.08917197452229299	0.21019108280254778	0.28662420382165604
80	3	0.5058139534883721	0.06976744186046512	0.14244186046511628	0.125	0.1569767441860465
81	3	0.38306451612903225	0.07661290322580645	0.12096774193548387	0.11290322580645161	0.3064516129032258
82	3	0.48614609571788414	0.05289672544080604	0.0982367758186398	0.13350125944584382	0.22921914357682618
83	3	0.370739817123857	0.08146300914380715	0.1255195344970906	0.10640066500415628	0.31587697423108896
84	3	0.34156378600823045	0.14814814814814814	0.09876543209876543	0.07407407407407407	0.3374485596707819
85	3	0.42731277533039647	0.0881057268722467	0.13215859030837004	0.14096916299559473	0.21145374449339208
86	3	0.4046511627906977	0.06046511627906977	0.12558139534883722	0.08372093023255814	0.32558139534883723
87	3	0.36981757877280264	0.08291873963515754	0.1691542288557214	0.11774461028192372	0.2603648424543947
88	3	0.49814126394052044	0.06691449814126393	0.09665427509293681	0.10780669144981413	0.23048327137546468
89	3	0.38188277087033745	0.09591474245115453	0.0994671403197158	0.08348134991119005	0.3392539964476021
90	3	0.38125	0.115625	0.115625	0.1125	0.275
91	3	0.34602649006622516	0.11754966887417219	0.13245033112582782	0.10264900662251655	0.30132450331125826
92	3	0.362763915547025	0.09404990403071017	0.1324376199616123	0.1324376199616123	0.2783109404990403
93	3	0.4182776801405975	0.070298769771529	0.1335676625659051	0.1282952548330404	0.24956063268892795
94	3	0.3724696356275304	0.10728744939271255	0.13562753036437247	0.15789473684210525	0.22672064777327935
95	3	0.3441295546558704	0.11740890688259109	0.07692307692307693	0.10931174089068826	0.3522267206477733
96	3	0.42318840579710143	0.1072463768115942	0.11884057971014493	0.11304347826086956	0.23768115942028986
97	3	0.3549107142857143	0.10491071428571429	0.06696428571428571	0.15848214285714285	0.31473214285714285
98	3	0.4745222929936306	0.06050955414012739	0.14968152866242038	0.14012738853503184	0.1751592356687898
99	3	0.423728813559322	0.10430247718383312	0.12255541069100391	0.10560625814863103	0.2438070404172099
100	3	0.49710982658959535	0.06069364161849711	0.09826589595375723	0.10115606936416185	0.24277456647398843
101	3	0.4621212121212121	0.15404040404040403	0.10353535353535354	0.08207070707070707	0.19823232323232323
102	3	0.39849624060150374	0.09022556390977443	0.13157894736842105	0.12030075187969924	0.2593984962406015
103	3	0.38974358974358975	0.10256410256410256	0.13076923076923078	0.1358974358974359	0.24102564102564103
104	3	0.36323851203501095	0.0962800875273523	0.09846827133479212	0.1422319474835886	0.29978118161925604
105	3	0.3742857142857143	0.09142857142857143	0.14857142857142858	0.15142857142857144	0.2342857142857143
106	0	0.36796536796536794	0.06060606060606061	0.14285714285714285	0.10606060606060606	0.3225108225108225
107	3	0.4006928406466513	0.09353348729792148	0.1397228637413395	0.11662817551963048	0.24942263279445728
108	3	0.3270440251572327	0.08176100628930817	0.14465408805031446	0.10062893081761007	0.34591194968553457
109	3	0.3617021276595745	0.09397163120567376	0.12411347517730496	0.11170212765957446	0.30851063829787234
110	3	0.3774104683195592	0.1046831955922865	0.15426997245179064	0.12672176308539945	0.2369146005509642
111	1	0.41025641025641024	0.03418803418803419	0.2222222222222222	0.08547008547008547	0.24786324786324787
112	3	0.4259927797833935	0.08664259927797834	0.12274368231046931	0.11191335740072202	0.2527075812274368
113	3	0.4202626641651032	0.0975609756097561	0.11819887429643527	0.13320825515947468	0.23076923076923078
114	3	0.35844155844155845	0.11428571428571428	0.16363636363636364	0.15064935064935064	0.21298701298701297
115	3	0.4276315789473684	0.046052631578947366	0.14473684210526316	0.13157894736842105	0.25
116	3	0.4875	0.05625	0.0875	0.1125	0.25625
117	3	0.4106753812636166	0.06971677559912855	0.14923747276688454	0.13725490196078433	0.23311546840958605
118	3	0.411371237458194	0.06688963210702341	0.14381270903010032	0.12040133779264214	0.25752508361204013
119	3	0.46258503401360546	0.08163265306122448	0.16326530612244897	0.10884353741496598	0.1836734693877551
120	3	0.44357976653696496	0.08171206225680934	0.10894941634241245	0.14396887159533073	0.22178988326848248
121	3	0.41810344827586204	0.04741379310344827	0.15086206896551724	0.15517241379310345	0.22844827586206898
122	3	0.47368421052631576	0.06015037593984962	0.10150375939849623	0.11278195488721804	0.2518796992481203
123	0	0.36789297658862874	0.09364548494983277	0.12374581939799331	0.12709030100334448	0.28762541806020064
124	3	0.4427083333333333	0.036458333333333336	0.140625	0.14583333333333334	0.234375
125	3	0.3585972850678733	0.07239819004524888	0.11538461538461539	0.15723981900452488	0.29638009049773756
126	3	0.5034722222222222	0.0763888888888889	0.125	0.11458333333333333	0.18055555555555555
127	3	0.3683409436834094	0.0624048706240487	0.1202435312024353	0.0943683409436834	0.3546423135464231
128	1	0.36551724137931035	0.07586206896551724	0.2482758620689655	0.09655172413793103	0.21379310344827587
129	3	0.3520710059171598	0.19822485207100593	0.11242603550295859	0.10650887573964497	0.23076923076923078
130	3	0.2777777777777778	0.12037037037037036	0.1388888888888889	0.17592592592592593	0.28703703703703703
131	3	0.4153225806451613	0.07258064516129033	0.13709677419354838	0.14919354838709678	0.22580645161290322
132	3	0.4701492537313433	0.08208955223880597	0.07462686567164178	0.08955223880597014	0.2835820895522388
133	3	0.42435424354243545	0.07380073800738007	0.12546125461254612	0.14391143911439114	0.23247232472324722
134	3	0.42660550458715596	0.0871559633027523	0.13761467889908258	0.12385321100917432	0.22477064220183487
135	3	0.31962025316455694	0.07911392405063292	0.2120253164556962	0.1550632911392405	0.23417721518987342
136	3	0.38721804511278196	0.07518796992481203	0.13533834586466165	0.15413533834586465	0.24812030075187969
137	3	0.4036697247706422	0.0779816513761468	0.13302752293577982	0.11926605504587157	0.26605504587155965
138	3	0.3674033149171271	0.09116022099447514	0.13535911602209943	0.12154696132596685	0.2845303867403315
139	3	0.4351851851851852	0.06944444444444445	0.1574074074074074	0.12037037037037036	0.2175925925925926
140	3	0.3577586206896552	0.09482758620689655	0.1400862068965517	0.1336206896551724	0.27370689655172414
141	0	0.3779527559055118	0.07874015748031496	0.10236220472440945	0.16535433070866143	0.2755905511811024
142	1	0.4133545310015898	0.09220985691573927	0.1669316375198728	0.16216216216216217	0.16534181240063592
143	3	0.2891566265060241	0.04819277108433735	0.14457831325301204	0.08433734939759036	0.43373493975903615
144	3	0.4043478260869565	0.09565217391304348	0.11304347826086956	0.10869565217391304	0.2782608695652174
145	3	0.46953405017921146	0.053763440860215055	0.12544802867383512	0.10752688172043011	0.24372759856630824
146	3	0.46540880503144655	0.05241090146750524	0.11740041928721175	0.08176100628930817	0.2830188679245283
147	3	0.4026666666666667	0.08533333333333333	0.12266666666666666	0.13066666666666665	0.25866666666666666
148	3	0.3894230769230769	0.09134615384615384	0.1201923076923077	0.11538461538461539	0.28365384615384615
149	3	0.4315068493150685	0.0410958904109589	0.2191780821917808	0.10273972602739725	0.2054794520547945
150	3	0.3622641509433962	0.09245283018867924	0.1641509433962264	0.14150943396226415	0.23962264150943396
151	1	0.3401197604790419	0.10059880239520957	0.16047904191616766	0.14491017964071856	0.25389221556886227
152	3	0.46938775510204084	0.06938775510204082	0.11020408163265306	0.11020408163265306	0.24081632653061225
153	3	0.43373493975903615	0.08734939759036145	0.14457831325301204	0.13253012048192772	0.20180722891566266
154	3	0.4578313253012048	0.060240963855421686	0.14457831325301204	0.10542168674698796	0.2319277108433735
155	3	0.36528028933092227	0.07233273056057866	0.12115732368896925	0.08860759493670886	0.352622061482821
156	3	0.449685534591195	0.05660377358490566	0.13522012578616352	0.1320754716981132	0.22641509433962265
157	3	0.3132530120481928	0.060240963855421686	0.13253012048192772	0.12951807228915663	0.3644578313253012
158	3	0.4066666666666667	0.09166666666666666	0.13	0.105	0.26666666666666666
159	3	0.36272040302267	0.11838790931989925	0.13350125944584382	0.12846347607052896	0.25692695214105793
160	3	0.4090909090909091	0.06993006993006994	0.14335664335664336	0.13636363636363635	0.24125874125874125
161	3	0.41	0.06	0.11	0.155	0.265
162	3	0.4637336504161712	0.0713436385255648	0.14744351961950058	0.11771700356718193	0.19976218787158145
163	1	0.4491525423728814	0.025423728813559324	0.2457627118644068	0.1016949152542373	0.17796610169491525
164	3	0.42953020134228187	0.053691275167785234	0.12080536912751678	0.10738255033557047	0.28859060402684567
165	3	0.39717604190389433	0.10589842860396265	0.10658164427237532	0.09496697790936005	0.29537690731040767
166	3	0.34579439252336447	0.11682242990654206	0.1588785046728972	0.11448598130841121	0.26401869158878505
167	3	0.38461538461538464	0.07894736842105263	0.1417004048582996	0.12753036437246965	0.26720647773279355
168	0	0.352112676056338	0.09507042253521127	0.13028169014084506	0.08098591549295775	0.3415492957746479
169	0	0.3145478374836173	0.04980340760157274	0.1363040629095675	0.11533420707732635	0.3840104849279161
170	3	0.3548387096774194	0.08064516129032258	0.13709677419354838	0.0967741935483871	0.33064516129032256
171	3	0.39052287581699346	0.10130718954248366	0.1388888888888889	0.1437908496732026	0.22549019607843138
172	3	0.3125	0.13636363636363635	0.1875	0.1590909090909091	0.20454545454545456
173	3	0.39067055393586003	0.09912536443148688	0.1282798833819242	0.16034985422740525	0.22157434402332363
174	3	0.3902439024390244	0.0975609756097561	0.17073170731707318	0.15040650406504066	0.1910569105691057
175	3	0.47572815533980584	0.06796116504854369	0.11650485436893204	0.07766990291262135	0.2621359223300971
176	3	0.5080906148867314	0.045307443365695796	0.13268608414239483	0.12944983818770225	0.18446601941747573
177	3	0.41044776119402987	0.08208955223880597	0.12313432835820895	0.09328358208955224	0.291044776119403
178	3	0.4005305039787798	0.06631299734748011	0.10875331564986737	0.11405835543766578	0.3103448275862069
179	3	0.2990115321252059	0.06177924217462932	0.1828665568369028	0.14332784184514002	0.3130148270181219
180	1	0.30985915492957744	0.07042253521126761	0.3380281690140845	0.1267605633802817	0.15492957746478872
181	3	0.4148606811145511	0.09597523219814241	0.1393188854489164	0.13003095975232198	0.21981424148606812
182	3	0.3557692307692308	0.08653846153846154	0.17307692307692307	0.1346153846153846	0.25
183	3	0.3918067226890756	0.04411764705882353	0.13760504201680673	0.10189075630252101	0.3245798319327731
184	3	0.35236768802228413	0.1309192200557103	0.12674094707520892	0.13509749303621169	0.25487465181058494
185	3	0.2891809908998989	0.09504550050556117	0.12942366026289182	0.1435793731041456	0.34277047522750254
186	3	0.5776892430278885	0.055776892430278883	0.099601593625498	0.099601593625498	0.16733067729083664
187	3	0.42946708463949845	0.09090909090909091	0.08463949843260188	0.109717868338558	0.2852664576802508
188	3	0.41363636363636364	0.07272727272727272	0.15454545454545454	0.12272727272727273	0.23636363636363636
189	3	0.35911602209944754	0.10497237569060773	0.1464088397790055	0.143646408839779	0.24585635359116023
190	3	0.46629213483146065	0.07303370786516854	0.1853932584269663	0.12921348314606743	0.14606741573033707
191	3	0.4495677233429395	0.06340057636887608	0.12680115273775217	0.11527377521613832	0.24495677233429394
192	3	0.3605236656596173	0.094662638469285	0.13595166163141995	0.1419939577039275	0.26686807653575023
193	3	0.40390879478827363	0.10423452768729642	0.11074918566775244	0.13680781758957655	0.24429967426710097
194	3	0.3269230769230769	0.11538461538461539	0.07692307692307693	0.19230769230769232	0.28846153846153844
195	3	0.47619047619047616	0.07142857142857142	0.11666666666666667	0.11190476190476191	0.22380952380952382
196	2	0.35944700460829493	0.07603686635944701	0.1497695852534562	0.1175115207373272	0.29723502304147464
197	3	0.37349397590361444	0.13253012048192772	0.09036144578313253	0.1566265060240964	0.2469879518072289
198	1	0.503030303030303	0.05454545454545454	0.15151515151515152	0.12727272727272726	0.16363636363636364
199	3	0.3768913342503439	0.10178817056396149	0.07290233837689133	0.0921595598349381	0.3562585969738652
200	3	0.34375	0.09895833333333333	0.15104166666666666	0.140625	0.265625
201	3	0.3697478991596639	0.1092436974789916	0.18487394957983194	0.15126050420168066	0.18487394957983194
202	3	0.3576923076923077	0.07692307692307693	0.1576923076923077	0.11923076923076924	0.28846153846153844
203	3	0.4906976744186046	0.05813953488372093	0.12325581395348838	0.13953488372093023	0.1883720930232558
204	3	0.4594594594594595	0.07862407862407862	0.14250614250614252	0.14250614250614252	0.1769041769041769
205	1	0.34	0.06	0.24	0.06	0.3
206	1	0.42857142857142855	0.025210084033613446	0.24369747899159663	0.08403361344537816	0.2184873949579832
207	3	0.38823529411764707	0.08235294117647059	0.16470588235294117	0.21176470588235294	0.15294117647058825
208	3	0.319672131147541	0.0942622950819672	0.15778688524590165	0.13114754098360656	0.29713114754098363
209	3	0.3748148148148148	0.08296296296296296	0.15407407407407409	0.1288888888888889	0.25925925925925924
210	3	0.50997150997151	0.06267806267806268	0.1339031339031339	0.10826210826210826	0.18518518518518517
211	3	0.38802660753880264	0.09534368070953436	0.11751662971175167	0.1419068736141907	0.2572062084257206
212	3	0.34554973821989526	0.08769633507853403	0.14267015706806283	0.12303664921465969	0.3010471204188482
213	3	0.3967611336032389	0.0728744939271255	0.12955465587044535	0.11336032388663968	0.2874493927125506
214	3	0.4003067484662577	0.05674846625766871	0.12269938650306748	0.09815950920245399	0.3220858895705521
215	3	0.3770491803278688	0.09016393442622951	0.12295081967213115	0.11065573770491803	0.29918032786885246
216	3	0.3506944444444444	0.04513888888888889	0.1736111111111111	0.19791666666666666	0.2326388888888889
217	3	0.3671497584541063	0.10144927536231885	0.1642512077294686	0.13043478260869565	0.23671497584541062
218	3	0.29094827586206895	0.04525862068965517	0.1961206896551724	0.17456896551724138	0.29310344827586204
219	3	0.42685851318944845	0.07913669064748201	0.11270983213429256	0.08872901678657075	0.29256594724220625
220	3	0.2836218375499334	0.0692410119840213	0.17976031957390146	0.13581890812250333	0.33155792276964047
221	3	0.3305084745762712	0.09322033898305085	0.17457627118644067	0.14067796610169492	0.26101694915254237
222	3	0.37585421412300685	0.09339407744874716	0.05239179954441914	0.06150341685649203	0.4168564920273349
223	3	0.38513513513513514	0.0777027027027027	0.14864864864864866	0.11148648648648649	0.27702702702702703
224	3	0.43452380952380953	0.041666666666666664	0.13095238095238096	0.1488095238095238	0.24404761904761904
225	3	0.3842239185750636	0.05343511450381679	0.2010178117048346	0.11450381679389313	0.24681933842239187
226	3	0.383399209486166	0.05138339920948617	0.1383399209486166	0.08300395256916997	0.3438735177865613
227	3	0.42528735632183906	0.07662835249042145	0.13793103448275862	0.14942528735632185	0.210727969348659
228	3	0.34782608695652173	0.05351170568561873	0.0903010033444816	0.19732441471571907	0.3110367892976589
229	3	0.4420289855072464	0.10507246376811594	0.09782608695652174	0.06521739130434782	0.2898550724637681
230	3	0.4745762711864407	0.0711864406779661	0.15593220338983052	0.13898305084745763	0.15932203389830507
231	3	0.42141863699582754	0.05006954102920723	0.11821974965229486	0.15159944367176634	0.25869262865090403
232	3	0.3858695652173913	0.09782608695652174	0.14673913043478262	0.059782608695652176	0.30978260869565216
233	3	0.34553775743707094	0.12585812356979406	0.057208237986270026	0.059496567505720827	0.41189931350114417
234	3	0.29153605015673983	0.06896551724137931	0.11598746081504702	0.06896551724137931	0.45454545454545453
235	3	0.3902439024390244	0.07317073170731707	0.10975609756097561	0.10975609756097561	0.3170731707317073
236	3	0.28531663187195544	0.0709812108559499	0.17397355601948503	0.12734864300626306	0.34237995824634654
237	3	0.4774774774774775	0.04504504504504504	0.12612612612612611	0.13963963963963963	0.21171171171171171
238	3	0.4026666666666667	0.128	0.13866666666666666	0.128	0.20266666666666666
239	3	0.39869281045751637	0.0784313725490196	0.20261437908496732	0.1568627450980392	0.16339869281045752
240	3	0.40454545454545454	0.09242424242424242	0.14696969696969697	0.11818181818181818	0.23787878787878788
241	3	0.43575418994413406	0.11731843575418995	0.15083798882681565	0.0782122905027933	0.21787709497206703
242	3	0.3956043956043956	0.04395604395604396	0.27472527472527475	0.10989010989010989	0.17582417582417584
243	3	0.43543543543543545	0.10510510510510511	0.08408408408408409	0.16816816816816818	0.2072072072072072
244	3	0.37292161520190026	0.08076009501187649	0.17339667458432304	0.14014251781472684	0.2327790973871734
245	3	0.36065573770491804	0.06967213114754098	0.11065573770491803	0.14344262295081966	0.3155737704918033
246	3	0.47330960854092524	0.060498220640569395	0.12811387900355872	0.11387900355871886	0.22419928825622776
247	3	0.408983451536643	0.0591016548463357	0.14657210401891252	0.10874704491725769	0.2765957446808511
248	3	0.4233800350262697	0.0796847635726795	0.11033274956217162	0.08712784588441332	0.29947460595446584
249	3	0.3474178403755869	0.107981220657277	0.1643192488262911	0.06572769953051644	0.3145539906103286
250	3	0.47661188369152974	0.18078381795195955	0.08596713021491782	0.04677623261694058	0.20986093552465235
251	3	0.37318181818181817	0.09954545454545455	0.12227272727272727	0.1040909090909091	0.3009090909090909
252	3	0.3137254901960784	0.11764705882352941	0.1323529411764706	0.06862745098039216	0.36764705882352944
253	3	0.41946197276652275	0.08502158751245434	0.11258718033875789	0.07837927598804384	0.3045499833942212
254	3	0.4	0.11463414634146342	0.14390243902439023	0.12682926829268293	0.2146341463414634
255	3	0.40027137042062416	0.0642243328810493	0.10900045228403438	0.10312075983717775	0.32338308457711445
256	3	0.38315217391304346	0.10597826086956522	0.13043478260869565	0.11684782608695653	0.26358695652173914
257	3	0.3770491803278688	0.07650273224043716	0.15300546448087432	0.14207650273224043	0.25136612021857924
258	3	0.3086785009861933	0.07297830374753451	0.19230769230769232	0.15976331360946747	0.26627218934911245
259	1	0.46449704142011833	0.04437869822485207	0.15088757396449703	0.15680473372781065	0.1834319526627219
260	3	0.3811111111111111	0.09	0.12	0.11666666666666667	0.2922222222222222
261	3	0.3191489361702128	0.09574468085106383	0.1702127659574468	0.15425531914893617	0.26063829787234044
262	3	0.38349514563106796	0.11650485436893204	0.15048543689320387	0.12135922330097088	0.22815533980582525
263	3	0.3946830265848671	0.07975460122699386	0.130879345603272	0.17177914110429449	0.2229038854805726
264	0	0.3767741935483871	0.11225806451612903	0.1896774193548387	0.16129032258064516	0.16
265	3	0.44181818181818183	0.05272727272727273	0.12181818181818181	0.1290909090909091	0.2545454545454545
266	3	0.38283828382838286	0.10891089108910891	0.1419141914191419	0.13861386138613863	0.22772277227722773
267	3	0.4344262295081967	0.07377049180327869	0.14207650273224043	0.10655737704918032	0.24316939890710382
268	3	0.390625	0.08333333333333333	0.14583333333333334	0.109375	0.2708333333333333
269	3	0.406609547123623	0.11505507955936352	0.10917992656058752	0.09987760097919217	0.2692778457772338
270	3	0.34668721109399075	0.1386748844375963	0.12788906009244994	0.13405238828967642	0.2526964560862866
271	3	0.36363636363636365	0.05216095380029806	0.16989567809239942	0.11326378539493294	0.30104321907600595
272	3	0.3538205980066445	0.1345514950166113	0.11794019933554817	0.10132890365448505	0.292358803986711
273	3	0.40606060606060607	0.09696969696969697	0.1303030303030303	0.07878787878787878	0.2878787878787879
274	3	0.31601731601731603	0.11255411255411256	0.13852813852813853	0.09523809523809523	0.33766233766233766
275	3	0.3153846153846154	0.1076923076923077	0.16153846153846155	0.11923076923076924	0.29615384615384616
276	3	0.37184115523465705	0.1299638989169675	0.11552346570397112	0.11913357400722022	0.26353790613718414
277	3	0.4606986899563319	0.06331877729257641	0.11135371179039301	0.10480349344978165	0.259825327510917
278	3	0.39768339768339767	0.0888030888030888	0.13127413127413126	0.16988416988416988	0.21235521235521235
279	3	0.43006993006993005	0.06293706293706294	0.13636363636363635	0.12237762237762238	0.24825174825174826
280	3	0.5859375	0.0546875	0.08203125	0.09765625	0.1796875
281	3	0.4192546583850932	0.10248447204968944	0.13664596273291926	0.15217391304347827	0.18944099378881987
282	3	0.4962962962962963	0.06666666666666667	0.14814814814814814	0.13703703703703704	0.15185185185185185
283	3	0.4142678347934919	0.07259073842302878	0.1276595744680851	0.13391739674593242	0.25156445556946183
284	3	0.40131578947368424	0.09868421052631579	0.17105263157894737	0.13157894736842105	0.19736842105263158
285	3	0.5400696864111498	0.059233449477351915	0.11846689895470383	0.11846689895470383	0.16376306620209058
286	3	0.4427710843373494	0.06927710843373494	0.1144578313253012	0.12650602409638553	0.2469879518072289
287	3	0.3082706766917293	0.06015037593984962	0.19548872180451127	0.07518796992481203	0.3609022556390977
288	3	0.3817204301075269	0.0913978494623656	0.16129032258064516	0.13440860215053763	0.23118279569892472
289	3	0.4041666666666667	0.075	0.12708333333333333	0.11458333333333333	0.2791666666666667
290	3	0.33712984054669703	0.10250569476082004	0.16059225512528474	0.13895216400911162	0.2608200455580866
291	3	0.4740740740740741	0.06666666666666667	0.11851851851851852	0.1111111111111111	0.22962962962962963
292	1	0.38403990024937656	0.06483790523690773	0.10473815461346633	0.059850374064837904	0.3865336658354115
293	3	0.4606741573033708	0.0599250936329588	0.1348314606741573	0.11235955056179775	0.23220973782771537
294	3	0.4670846394984326	0.05956112852664577	0.12225705329153605	0.13166144200626959	0.219435736677116
295	3	0.48484848484848486	0.050505050505050504	0.1111111111111111	0.08080808080808081	0.2727272727272727
296	3	0.3753943217665615	0.0914826498422713	0.14511041009463724	0.11041009463722397	0.277602523659306
297	3	0.37888198757763975	0.08385093167701864	0.14906832298136646	0.13198757763975155	0.2562111801242236
298	3	0.5068493150684932	0.06164383561643835	0.1095890410958904	0.11643835616438356	0.2054794520547945
299	3	0.3776824034334764	0.09227467811158799	0.12660944206008584	0.10300429184549356	0.30042918454935624
300	3	0.4824561403508772	0.05847953216374269	0.14619883040935672	0.11403508771929824	0.19883040935672514
301	3	0.350253807106599	0.10913705583756345	0.1548223350253807	0.1319796954314721	0.25380710659898476
302	3	0.34048257372654156	0.09115281501340483	0.16353887399463807	0.1447721179624665	0.26005361930294907
303	3	0.336322869955157	0.09417040358744394	0.1031390134529148	0.11659192825112108	0.34977578475336324
304	3	0.4251497005988024	0.11377245508982035	0.1317365269461078	0.0658682634730539	0.2634730538922156
305	3	0.34084699453551914	0.09631147540983606	0.1366120218579235	0.11407103825136612	0.3121584699453552
306	3	0.4272930648769575	0.12751677852348994	0.13646532438478748	0.13646532438478748	0.17225950782997762
307	3	0.3763440860215054	0.0967741935483871	0.20430107526881722	0.16129032258064516	0.16129032258064516
308	3	0.44680851063829785	0.10638297872340426	0.031914893617021274	0.09042553191489362	0.324468085106383
309	3	0.3878787878787879	0.08636363636363636	0.15454545454545454	0.14393939393939395	0.22727272727272727
310	3	0.5057034220532319	0.1482889733840304	0.10266159695817491	0.053231939163498096	0.19011406844106463
311	3	0.5080906148867314	0.07766990291262135	0.0970873786407767	0.11974110032362459	0.19741100323624594
312	3	0.3486238532110092	0.13302752293577982	0.16055045871559634	0.14678899082568808	0.21100917431192662
313	1	0.4326923076923077	0.04807692307692308	0.22115384615384615	0.10576923076923077	0.19230769230769232
314	3	0.44206008583690987	0.04721030042918455	0.08583690987124463	0.13733905579399142	0.2875536480686695
315	3	0.41762452107279696	0.0842911877394636	0.12643678160919541	0.1532567049808429	0.21839080459770116
316	3	0.392	0.1	0.164	0.14	0.204
317	3	0.387434554973822	0.05759162303664921	0.13612565445026178	0.1256544502617801	0.2931937172774869
318	3	0.29901960784313725	0.09313725490196079	0.20098039215686275	0.1568627450980392	0.25
319	0	0.34627831715210355	0.06796116504854369	0.19093851132686085	0.13268608414239483	0.2621359223300971
320	3	0.376865671641791	0.08955223880597014	0.12313432835820895	0.1455223880597015	0.26492537313432835
321	3	0.39870689655172414	0.0668103448275862	0.1314655172413793	0.10560344827586207	0.2974137931034483
322	3	0.35194585448392557	0.116751269035533	0.11844331641285956	0.10744500846023688	0.305414551607445
323	1	0.4520547945205479	0.0410958904109589	0.1917808219178082	0.08904109589041095	0.22602739726027396
324	3	0.4427645788336933	0.08423326133909287	0.1079913606911447	0.11447084233261338	0.2505399568034557
325	3	0.33093525179856115	0.1223021582733813	0.1618705035971223	0.11510791366906475	0.2697841726618705
326	3	0.4009433962264151	0.10849056603773585	0.1320754716981132	0.14150943396226415	0.2169811320754717
327	3	0.4363256784968685	0.081419624217119	0.12734864300626306	0.11482254697286012	0.24008350730688935
328	3	0.4519230769230769	0.057692307692307696	0.10576923076923077	0.16346153846153846	0.22115384615384615
329	3	0.3838771593090211	0.08253358925143954	0.12667946257197696	0.12859884836852206	0.2783109404990403
330	1	0.38764044943820225	0.08426966292134831	0.20224719101123595	0.12359550561797752	0.20224719101123595
331	3	0.328804347826087	0.1358695652173913	0.12771739130434784	0.11413043478260869	0.29347826086956524
332	0	0.41935483870967744	0.08602150537634409	0.17204301075268819	0.11827956989247312	0.20430107526881722
333	3	0.3356353591160221	0.07458563535911603	0.16574585635359115	0.20303867403314918	0.22099447513812154
334	3	0.4094488188976378	0.06299212598425197	0.13385826771653545	0.1062992125984252	0.2874015748031496
335	3	0.35722543352601155	0.07976878612716763	0.14219653179190753	0.1375722543352601	0.2832369942196532
336	3	0.4017241379310345	0.08103448275862069	0.13275862068965516	0.12586206896551724	0.25862068965517243
337	3	0.4144736842105263	0.09868421052631579	0.14473684210526316	0.13815789473684212	0.20394736842105263
338	3	0.4022346368715084	0.09497206703910614	0.13966480446927373	0.10614525139664804	0.2569832402234637
339	3	0.441025641025641	0.11794871794871795	0.12307692307692308	0.11794871794871795	0.2
340	3	0.3028571428571429	0.05714285714285714	0.13523809523809524	0.11333333333333333	0.3914285714285714
341	3	0.40825688073394495	0.09174311926605505	0.15137614678899083	0.13761467889908258	0.21100917431192662
342	3	0.3971061093247588	0.08681672025723473	0.12861736334405144	0.12379421221864952	0.26366559485530544
343	3	0.4049079754601227	0.06134969325153374	0.11042944785276074	0.08588957055214724	0.3374233128834356
344	3	0.39490445859872614	0.09872611464968153	0.13694267515923567	0.14331210191082802	0.22611464968152867
345	3	0.47863247863247865	0.07692307692307693	0.11965811965811966	0.13247863247863248	0.19230769230769232
346	3	0.3923566878980892	0.10445859872611465	0.07388535031847134	0.09426751592356689	0.33503184713375794
347	3	0.5979899497487438	0.10552763819095477	0.09045226130653267	0.04522613065326633	0.16080402010050251
348	3	0.47368421052631576	0.05263157894736842	0.0861244019138756	0.10047846889952153	0.28708133971291866
349	3	0.38613861386138615	0.10297029702970296	0.100990099009901	0.10891089108910891	0.300990099009901
350	3	0.3329715061058345	0.05834464043419267	0.15739484396200815	0.15766621438263229	0.2936227951153324
351	3	0.4178272980501393	0.09749303621169916	0.07520891364902507	0.11142061281337047	0.298050139275766
352	3	0.4011627906976744	0.09302325581395349	0.06395348837209303	0.03488372093023256	0.4069767441860465
353	3	0.42196531791907516	0.06358381502890173	0.09248554913294797	0.046242774566473986	0.37572254335260113
354	3	0.38287153652392947	0.08060453400503778	0.14609571788413098	0.15113350125944586	0.23929471032745592
355	1	0.358974358974359	0.0641025641025641	0.2692307692307692	0.07692307692307693	0.23076923076923078
356	3	0.4144927536231884	0.10434782608695652	0.07536231884057971	0.07246376811594203	0.3333333333333333
357	3	0.3684210526315789	0.09287925696594428	0.15789473684210525	0.12693498452012383	0.25386996904024767
358	3	0.3700980392156863	0.061274509803921566	0.15441176470588236	0.1053921568627451	0.3088235294117647
359	3	0.3700564971751412	0.09887005649717515	0.15254237288135594	0.15254237288135594	0.22598870056497175
360	3	0.351931330472103	0.13304721030042918	0.1459227467811159	0.15021459227467812	0.21888412017167383
361	3	0.34890510948905107	0.11386861313868613	0.11240875912408758	0.10364963503649635	0.32116788321167883
362	3	0.3771289537712895	0.06934306569343066	0.10827250608272507	0.15206812652068127	0.29318734793187345
363	3	0.44155844155844154	0.03896103896103896	0.07792207792207792	0.2987012987012987	0.14285714285714285
364	3	0.3626062322946176	0.11331444759206799	0.14447592067988668	0.1501416430594901	0.22946175637393768
365	3	0.48859934853420195	0.04560260586319218	0.16286644951140064	0.1498371335504886	0.15309446254071662
366	0	0.38056312443233425	0.08991825613079019	0.1589464123524069	0.12443233424159855	0.24613987284287012
367	3	0.38181818181818183	0.0696969696969697	0.09696969696969697	0.11212121212121212	0.3393939393939394
368	3	0.48878923766816146	0.07623318385650224	0.1210762331838565	0.09865470852017937	0.21524663677130046
369	3	0.4523809523809524	0.06926406926406926	0.14502164502164502	0.1038961038961039	0.22943722943722944
370	3	0.38672768878718533	0.12356979405034325	0.08009153318077804	0.07093821510297482	0.33867276887871856
371	3	0.3709677419354839	0.12903225806451613	0.1032258064516129	0.14193548387096774	0.25483870967741934
372	3	0.36683417085427134	0.11809045226130653	0.11306532663316583	0.11557788944723618	0.2864321608040201
373	3	0.375886524822695	0.09219858156028368	0.16312056737588654	0.09219858156028368	0.2765957446808511
374	3	0.35873015873015873	0.12698412698412698	0.13333333333333333	0.1523809523809524	0.22857142857142856
375	3	0.39644970414201186	0.03155818540433925	0.1242603550295858	0.14398422090729784	0.3037475345167653
376	3	0.3542168674698795	0.0819277108433735	0.12048192771084337	0.060240963855421686	0.38313253012048193
377	3	0.3877005347593583	0.09224598930481283	0.1270053475935829	0.10294117647058823	0.29010695187165775
378	3	0.3771186440677966	0.11864406779661017	0.1271186440677966	0.15677966101694915	0.22033898305084745
379	3	0.45558375634517767	0.10152284263959391	0.12055837563451777	0.09644670050761421	0.22588832487309646
380	3	0.40437158469945356	0.09016393442622951	0.08743169398907104	0.10655737704918032	0.3114754098360656
381	3	0.38095238095238093	0.09206349206349207	0.13968253968253969	0.13015873015873017	0.2571428571428571
382	3	0.4020618556701031	0.061855670103092786	0.13402061855670103	0.08247422680412371	0.31958762886597936
383	3	0.38786279683377306	0.09498680738786279	0.11081794195250659	0.08443271767810026	0.32189973614775724
384	3	0.4098360655737705	0.08469945355191257	0.1366120218579235	0.16120218579234974	0.20765027322404372
385	3	0.42052313883299797	0.07847082494969819	0.12877263581488935	0.13682092555331993	0.23541247484909456
386	3	0.4309210526315789	0.07236842105263158	0.12171052631578948	0.16447368421052633	0.21052631578947367
387	3	0.3793103448275862	0.07126436781609195	0.1471264367816092	0.1425287356321839	0.2597701149425287
388	3	0.3946360153256705	0.09961685823754789	0.14942528735632185	0.11877394636015326	0.23754789272030652
389	3	0.5054054054054054	0.06486486486486487	0.11351351351351352	0.0918918918918919	0.22432432432432434
390	3	0.49892008639308855	0.13606911447084233	0.0734341252699784	0.04103671706263499	0.2505399568034557
391	3	0.4005305039787798	0.08488063660477453	0.1220159151193634	0.13262599469496023	0.259946949602122
